55.35219014, 37.61345132
55.75760639, 38.06232348
55.5142294, 38.02370073
55.83734029, 37.17359846
56.01189503, 37.06783788
55.74664693, 37.69941143
56.06345525, 37.51511367
55.8435496, 38.23721745
55.57332311, 38.08529274
55.81405795, 38.26428804
55.37648718, 38.04035624
55.61032696, 38.29999341
55.68378157, 37.53518519
55.8817888, 36.85041883
55.67616116, 38.10865131
56.14963716, 37.33260627
55.78229599, 38.13487417
56.10606171, 37.36146313
55.62841702, 37.95952699
55.70305708, 37.46345784
55.53106635, 37.7315243
55.94514662, 37.44076335
55.93695842, 37.96038679
55.5475081, 37.8905365
56.04140391, 37.9954792
55.90939472, 37.24739443
55.48718411, 38.08325594
55.87960304, 38.34523059
55.74912229, 37.74064835
55.66594596, 36.98633311
55.74313689, 38.15333728
56.0500632, 38.15174756
55.96366347, 37.46341532
56.09029171, 37.85795084
56.20438953, 37.60389548
56.16128364, 37.3680175
55.92969133, 37.40882478
55.8189378, 38.18141694
55.97225084, 37.43828961
55.45526326, 37.26019681
55.69782811, 36.82998863
56.0141172, 37.56305051
55.83350259, 37.88123739
55.9400474, 37.11147772
55.40665028, 37.23380043
55.81307335, 37.60379526
55.94570666, 38.17597962
55.56506214, 37.29839269
55.97209364, 37.13869506
55.4361688, 38.17121263
55.69549102, 37.32309815
55.57038236, 38.22062687
55.4460705, 37.76491344
55.83631022, 38.04566849
56.02712402, 37.38342399
55.89259506, 37.74170915
55.67698245, 37.23676564
55.77461633, 36.90889047
55.65259278, 37.90489488
56.10156314, 37.10897869
55.42846433, 38.14270083
55.56855112, 38.31710008
55.39800159, 37.67759451
56.13370542, 37.22628171
55.90171635, 36.99622201
55.49697585, 38.25387465
55.77003032, 37.84093605
55.44291839, 38.15122077
55.78664687, 38.13890965
55.67738751, 37.0319761
55.56518012, 38.16945683
55.98280983, 38.1134924
55.68461793, 38.20636561
55.68501698, 37.48087708
55.79303231, 37.58205933
55.96062505, 38.03380977
55.69855534, 37.7833316
55.86540759, 37.64236697
55.80865249, 37.91110015
55.70013592, 38.24657536
55.36704892, 37.94743455
55.64213376, 37.49820326
55.82284967, 37.76005941
55.69465537, 37.13434277
56.01579228, 37.87461144
55.53699521, 37.22950406
55.91437216, 38.12001024
55.78556708, 37.56122816
55.97745374, 37.79049358
55.59765785, 37.11124881
55.62632675, 37.830435
56.10745608, 37.39321609
55.77334107, 37.12908246
55.74786272, 37.91913333
55.89307629, 37.57308405
55.92981519, 36.92892933
55.67202168, 36.86404183
55.43429754, 37.75122349
55.34806542, 37.56091706
55.79524691, 38.34456728
55.53036188, 38.15128589
55.46497893, 37.21431733
55.82287449, 37.76575544
56.13649794, 37.23753823
55.47992948, 37.71363686
55.80622648, 38.27088694
56.1237357, 37.78792916
55.55367125, 37.46285977
55.42096461, 37.99700407
55.47390591, 37.59307716
55.95304287, 37.77933386
56.05835242, 37.24217821
55.85126891, 38.16268372
55.73373053, 37.16533977
55.56942772, 38.18326876
55.6555933, 37.47690042
55.54893202, 37.24036434
56.07714187, 38.10005442
55.78623121, 37.73770705
55.84339821, 38.32905905
55.42453955, 37.77934992
55.55158879, 38.09512652
55.85195358, 36.87085701
56.09488752, 38.01655055
55.93937606, 37.68138281
55.65860475, 38.01493881
55.86557049, 37.08109445
55.67866694, 38.3897926
55.93742486, 38.12562832
55.83765768, 37.40148768
55.55543774, 38.22508846
55.57162966, 37.51188522
56.05551396, 37.28931028
55.74433704, 37.7032143
55.91909273, 37.91949786
55.6929851, 37.34760569
56.17078062, 37.59326698
55.45494457, 38.01256063
55.51552512, 37.28764082
55.42090174, 37.93420922
55.94872106, 37.91056296
55.99344426, 37.492877
56.07834974, 37.1991763
55.3692254, 37.47634015
55.87941775, 38.11707826
55.43067721, 37.18229767
55.49261623, 37.67279301
55.53208322, 37.1551761
55.41563737, 37.38512696
55.47010629, 37.79390412
55.84222504, 37.59682517
55.67427262, 37.59435982
56.05245226, 37.88075176
55.63890447, 37.50875423
55.91905522, 37.94116384
55.56710483, 37.44790844
55.94421019, 38.23722932
55.9419359, 38.23397142
55.38588883, 37.87792342
55.65058222, 37.38989492
55.97859089, 37.18961033
55.7233396, 37.71040175
55.73979835, 37.44185576
55.80106471, 36.91224919
55.38172559, 38.01776816
55.99472905, 38.02156102
55.65612223, 36.84938527
55.65775101, 36.8891352
55.77964968, 37.29766278
55.42451453, 37.40680945
55.99289337, 37.39485951
55.88065381, 37.07258576
55.45738458, 38.20747396
55.50068996, 38.19614196
56.04150332, 37.8951961
55.79096432, 38.3020838
55.80853832, 37.42609415
55.89696246, 37.30623595
56.13948068, 37.26675385
55.34514291, 37.36809604
55.84859289, 38.34199083
56.08167192, 37.5472463
55.78559884, 38.16859609
55.47605134, 37.40096348
55.67988172, 37.84576805
55.60869701, 37.56825872
55.8160758, 36.94293446
55.39327671, 37.2517736
55.78861349, 38.25810123
55.70122024, 37.65369636
55.78013046, 38.31669429
55.90286569, 38.07788916
55.42292931, 37.82811763
55.48920236, 38.06940574
55.67160028, 37.45903693
55.6655739, 37.26347777
55.92612803, 37.7705552
55.79146085, 37.36866444
55.72181719, 38.21937275
55.8766205, 37.32257748
55.49973762, 37.18900283
56.02683227, 37.98129541
55.7737749, 37.0402637
55.67104617, 38.25055616
55.77904667, 37.97657143
55.96597997, 37.52066309
55.56049169, 37.89388889
55.70771944, 37.66461885
55.65233253, 38.32439127
55.63963798, 38.19298847
56.11987163, 37.50498077
55.70678763, 38.36948817
56.04118394, 37.27368258
55.49395696, 37.62807694
55.7024412, 37.6110422
55.57282273, 37.4401409
55.48441805, 37.68226782
55.94340051, 37.68944854
55.45992362, 37.35431032
56.13219879, 37.73494514
56.05594958, 37.9622157
55.58428086, 37.77674372
55.64428875, 37.90513646
56.14121962, 37.99731108
55.98727974, 37.96898348
55.83090946, 37.87489839
55.75264562, 38.3212478
55.69568246, 37.81778848
55.90331134, 37.82888125
55.3680262, 37.87432887
56.02769851, 37.13618173
55.77911705, 38.08096857
56.09043439, 38.09713451
55.39494428, 37.31689888
55.74776378, 37.75155654
55.76710708, 37.04329411
55.631355, 37.64410174
55.48840323, 37.77484841
55.85786662, 37.90321762
55.5233709, 37.87258998
56.14145526, 37.83104677
55.61247043, 38.178077
55.38546114, 37.83810604
56.01757481, 37.56794607
55.3781662, 37.47748296
55.72315534, 37.70592081
55.50937202, 38.1410859
55.92252119, 37.42148345
55.90996586, 37.25071111
55.34635781, 37.50598416
55.96061996, 36.95292684
55.61906952, 36.97758787
55.65219863, 37.94913288
56.05337311, 37.95945676
56.15421217, 37.49082809
55.92555819, 37.27767819
55.61362184, 37.93785359
55.73709826, 37.19284279
55.82183827, 38.07855728
55.59270012, 37.90781345
55.54493101, 37.58132389
55.79271059, 37.76095576
55.51919406, 37.40039027
55.74350355, 38.30600162
55.58165838, 37.21745526
55.54377958, 37.61932754
55.8905205, 37.83260708
55.37229624, 37.891669
55.71927349, 37.77175834
56.05404087, 37.43852057
55.82164385, 37.23328857
55.60445822, 38.1970632
55.7819496, 37.53651312
55.93907102, 38.13127767
55.62343632, 37.06916046
55.61459334, 37.19246253
55.74859381, 37.55500736
55.69547045, 36.83504502
55.75018539, 38.11437662
55.43211457, 37.54120119
55.62841228, 37.69765544
55.59220604, 38.2172049
56.07851353, 37.912689
55.8411835, 37.64557637
55.7759125, 37.13180051
55.92552139, 38.21590567
55.64840627, 37.53844652
55.4151444, 37.44781153
55.81635692, 38.10980148
55.36576241, 37.88815727
56.07800192, 37.7125692
55.87627668, 37.41728391
55.74981236, 38.09843194
55.85650359, 37.03000188
55.90165151, 37.68141241
55.42997464, 38.09162576
55.4310869, 37.34288864
56.00692082, 37.01650764
55.81206193, 38.13846104
55.55745096, 38.20873575
55.45332512, 38.13438673
55.33167564, 37.84268543
55.63021105, 37.08413408
55.86436568, 37.21171993
56.00193307, 37.31388752
55.76509754, 36.91381652
55.5319856, 38.00000473
55.86240971, 37.41640197
55.94512977, 37.262385
55.55092871, 38.30758488
56.06064738, 37.39331011
56.03752013, 38.01063001
55.9230262, 38.26306596
55.83774162, 38.15499291
55.41472377, 37.42504863
55.71965908, 37.52847925
55.88790114, 37.30251523
55.83665715, 37.75329265
55.72055792, 37.83598827
55.63524991, 38.2777887
55.87151868, 38.015827
55.51677383, 38.17270069
56.13768318, 37.50202545
55.53959877, 37.85187297
55.72299653, 38.04794488
56.06747546, 38.06411572
55.52811559, 37.53715703
55.83539447, 36.866653
55.42959692, 38.02022115
56.13513568, 37.23043678
55.60029462, 38.33216306
56.1059841, 37.89254799
55.92348751, 36.93005805
55.46370767, 37.83910278
55.35777851, 37.81679772
55.93843842, 37.88926398
56.05445864, 38.09522154
55.40180616, 37.21170885
55.86333361, 37.51380488
55.47368493, 38.14152385
55.43686242, 38.11686474
56.00744556, 38.22245033
55.71440739, 37.39813709
56.05996478, 37.39989298
55.60310443, 38.25029347
56.04604753, 37.72743993
55.57343949, 37.08418839
55.67717967, 36.8676436
55.49486135, 38.00052605
55.84340823, 37.2233489
55.46710693, 37.76103123
55.50183562, 37.1978274
55.68135418, 38.39483427
55.96430897, 38.05057897
55.79947393, 38.35142326
55.77619001, 37.8302203
55.4135124, 37.70108475
55.83158416, 38.21736007
55.42483743, 37.88988528
55.92911247, 37.18690311
55.58649617, 37.13656808
55.54079464, 37.10351034
55.41899273, 37.69209525
55.51656961, 38.26571865
55.9969431, 37.46036007
55.86172452, 37.5984274
55.80922612, 37.65105243
55.85353423, 37.7130648
55.62154622, 37.21597948
56.16517925, 37.3030656
56.12666766, 38.01723856
55.89714719, 37.34402567
55.7336979, 38.15737256
55.58112457, 37.33455392
55.89654142, 38.19076813
55.73117661, 37.44518874
56.11499337, 37.41779996
55.40475441, 37.12880647
55.93294126, 36.95139062
55.87195385, 37.48641884
56.15737748, 37.67181202
55.38360874, 37.34728974
55.48830169, 37.37617207
55.72504921, 36.97848595
55.4751834, 38.18728767
55.65322489, 38.33635921
55.52944994, 37.96807703
55.82455631, 37.22126156
55.97200154, 37.61433287
55.54137909, 37.23566929
56.0017995, 37.64734692
55.94180673, 37.05787513
55.64404103, 37.90293348
55.8671286, 37.70902615
56.1823075, 37.75033242
55.61674951, 37.39251102
55.74164307, 37.55099201
55.67494372, 37.91187152
56.08090414, 38.07275253
55.47464549, 37.37427471
55.44306584, 37.44219348
56.11541805, 37.26169579
55.92689835, 38.31918446
55.57804906, 37.92265852
55.77873172, 38.14548965
55.64633998, 37.24943321
55.35378929, 37.42911717
55.66775439, 37.79668115
55.70659903, 37.52393576
55.51313435, 37.42614546
55.87094108, 38.15057867
55.77115538, 37.51736685
55.570251, 37.6528852
55.83180229, 37.37620675
55.57421946, 37.53041741
56.13380882, 37.2311811
55.61314237, 37.20860492
55.59476088, 37.75151167
55.41273797, 37.93404174
56.05931695, 37.23901098
55.67594262, 37.94167382
55.67549799, 37.38159421
55.56109184, 38.0501762
55.7288764, 37.67254204
55.80162395, 38.21465886
55.92633383, 37.47409569
55.67256493, 38.27370007
56.04914971, 38.05719123
55.96862003, 38.01106245
56.05995431, 37.60403227
55.5196705, 37.80190319
56.14070588, 37.63623619
55.9469849, 37.83261853
55.96925176, 37.48221057
55.57091884, 37.1222595
56.06632849, 37.1129726
56.03731445, 37.71375713
56.12908243, 37.76842756
55.46590825, 37.8711296
56.05073519, 38.1503629
55.78747718, 37.51835139
55.74162306, 38.15445614
55.55261656, 37.37641779
55.84823151, 37.09294994
55.60882931, 36.91860411
55.82119225, 37.26993986
55.87708117, 37.66337611
55.39762955, 37.57819322
55.87563948, 37.52268347
55.96425615, 37.60573513
55.56878366, 37.06989956
55.44302205, 37.94659008
55.71696667, 36.85091247
55.61537465, 37.55468245
55.78785751, 37.8463305
56.01895108, 38.1755355
55.66801471, 38.24098207
55.43300827, 37.07431661
55.33449238, 37.68156073
55.86887667, 38.37169852
55.89142428, 37.91272765
55.69608524, 36.96209158
56.08274039, 37.48268391
55.72993585, 38.02641181
55.7310603, 37.35445628
55.48609766, 37.98359025
55.92346066, 37.0844876
55.60964826, 37.38811824
55.86765717, 37.51303317
55.62756295, 37.0135455
55.58050789, 36.96887894
55.63679726, 38.35458267
55.67924777, 38.36105414
55.81280496, 37.52591528
55.53714554, 37.4292823
55.59558866, 37.53686046
55.7793429, 37.02560544
56.10941223, 37.86919914
55.55611997, 37.4817805
56.16167336, 37.47629215
55.99990004, 37.80114773
55.87206208, 37.53568904
55.55233428, 37.22716427
55.76742681, 37.18195833
55.72865118, 37.82720631
55.43721805, 38.05818467
55.58910418, 38.27761784
55.81505553, 38.25653831
55.9543362, 37.83870655
56.02912108, 37.46174676
55.79242342, 37.91763021
56.13036037, 37.57134579
55.33677496, 37.86724846
55.57579956, 37.74018183
55.69432974, 38.13696122
55.78106819, 37.82721848
55.8140407, 37.6535167
55.42826955, 37.41907423
55.45416655, 37.63905542
55.80067052, 38.18746926
55.99075241, 38.08749581
55.56588467, 37.55445138
55.8573767, 37.91440009
55.52496489, 38.17541531
55.58815995, 37.19294219
55.95170658, 37.00516161
56.13195938, 37.26696444
55.89605994, 37.40916268
55.76673369, 38.03890192
55.8661722, 37.75801876
55.71339662, 38.2096108
56.07432967, 37.71266676
55.72487776, 37.47235146
55.75988376, 36.97284833
55.59909412, 37.87355913
55.71405807, 37.50290329
55.5347695, 37.68266321
55.53975614, 37.18984875
56.0377644, 38.12447635
55.83004747, 38.08355695
55.92921096, 37.08629445
55.84507783, 38.05476086
55.63855434, 38.07047613
55.57944866, 37.49045527
55.59459848, 38.12826495
55.33245437, 37.4752851
55.92901693, 38.04587739
55.74807311, 36.82017364
55.95248797, 38.17973269
55.69084773, 37.07753969
55.6627866, 37.84411194
55.99756551, 37.20094555
55.97721387, 38.18938388
55.99588978, 37.52432075
55.40770379, 37.5771642
55.87939691, 37.45187512
55.64140365, 36.98473594
55.7933171, 37.94399575
55.85781817, 37.68003066
55.48923824, 38.21407515
55.62864191, 37.24829761
55.64980429, 37.3856883
55.63607916, 37.02380775
55.9187743, 38.26630729
56.01852816, 37.55031535
56.02096961, 37.10926957
56.04817164, 37.33278439
55.43028397, 37.34992575
55.87778766, 37.15197035
56.03898978, 37.70990111
56.0611225, 38.18288428
55.55058397, 38.2401954
55.95887297, 37.07317206
55.79568707, 38.3742642
55.51627119, 37.94052895
56.12266525, 37.57036632
55.82150926, 37.46840937
55.58508105, 37.65971171
55.65135313, 37.74730133
55.78328886, 37.81842733
55.51549305, 37.28005213
56.03919406, 37.05207275
55.98087098, 37.23751125
55.96170366, 37.72406782
55.62002815, 37.01837225
56.04646646, 37.11888068
55.87341993, 37.14468784
55.6200259, 37.46847763
55.94971739, 38.06839596
55.94811663, 37.01403019
55.78859328, 37.04949723
55.44934403, 37.76219499
55.87267658, 36.90257282
55.81077824, 37.83920361
55.78104778, 38.17573796
55.68410737, 36.87215641
56.03953989, 37.50481855
55.46525326, 37.46430016
55.90308073, 37.24084863
55.49580149, 37.64428457
55.93717615, 37.41787955
55.73224641, 37.56563007
55.42836011, 37.41301036
55.95126664, 38.0369125
56.1000132, 37.10971183
56.14571538, 37.5631793
55.93145697, 38.1250577
55.96823043, 37.41131586
55.56091104, 37.58711031
56.05438565, 37.48290566
56.02050849, 37.31139677
55.48541873, 37.77842963
55.6779857, 37.28507306
55.75949602, 37.3888641
55.62052214, 38.03571286
55.41136794, 37.3226867
55.79753113, 38.05692526
55.93050379, 38.21276526
55.82488725, 37.3422399
55.9097329, 37.00379531
55.61056049, 37.90896003
56.11789654, 37.6874537
55.47923284, 37.80795629
56.06556461, 37.63649539
56.13681849, 37.84564378
56.15227823, 37.64886058
55.92861418, 37.00101873
55.65720893, 37.9068937
55.41054528, 37.92293745
55.58378342, 37.91629876
55.86072968, 37.67398468
55.8490848, 37.39553291
55.51084568, 37.43211866
56.13933016, 37.33241762
55.54066152, 38.27055193
55.58556028, 37.38801009
55.90187222, 38.1703364
55.82864096, 38.07654706
55.3882458, 37.32460013
55.55118463, 38.10306986
56.11940141, 37.48525514
55.84907338, 37.0482234
55.64371323, 37.97317558
55.77813773, 37.72154554
55.95348384, 37.89773913
56.11899421, 37.70986607
56.02867555, 37.78723994
55.5428433, 38.18751207
55.81358359, 37.33230456
55.86211734, 38.20436849
55.75615751, 37.85728456
55.65395973, 37.38418765
55.44429734, 37.98059448
55.32546461, 37.43746027
55.5452926, 37.29949196
56.01791741, 38.15201132
55.86566697, 37.5879339
55.71895439, 37.94943707
56.03118167, 38.19139096
55.97799601, 37.89624319
55.89017724, 38.27062489
55.90655758, 37.33163662
55.61072452, 38.36731094
55.76362796, 37.32759137
55.8499636, 38.29734719
55.76022694, 36.99220026
55.43840951, 37.36445023
55.9471791, 38.26383183
55.98013334, 37.41963711
55.92536527, 37.88882601
55.93564201, 37.7021235
55.63816956, 37.38964942
55.47951436, 37.20422193
55.81062665, 37.91955278
55.69996051, 37.27229762
56.05205024, 37.66627665
56.04413261, 37.21821871
55.76535964, 37.50088051
56.13736853, 37.47354745
55.87320824, 37.17163292
56.11538058, 37.55974091
55.46240791, 37.26739176
55.76366881, 37.06357959
56.00941706, 38.12334663
55.52935676, 37.05029593
55.50158917, 37.16188849
56.01973271, 38.11737334
55.94634041, 37.77774175
55.96552765, 37.20531725
55.77957481, 37.60578419
55.55575699, 37.49133007
55.64589327, 36.96799409
55.62226462, 37.6948384
55.3841889, 37.86388477
55.80096578, 38.14932538
55.60681175, 38.08383751
56.17293396, 37.51398406
56.01699024, 38.07781239
56.0460717, 38.14885985
55.7214719, 37.02303512
55.42058938, 37.17077966
55.95069076, 37.0462717
55.5921825, 37.0392424
56.05013081, 37.02401626
55.5210285, 38.0198625
56.06934265, 37.74060139
56.08528945, 37.61652058
55.76930176, 37.04284214
55.5674286, 37.57991243
55.51547671, 38.27634507
55.66541722, 37.29403545
55.50440418, 37.47101551
55.54737828, 37.94839458
56.05323028, 37.32710828
55.73445929, 38.23752702
56.14191086, 37.83759722
55.45672366, 37.51185323
55.74449497, 38.03720263
55.47258993, 37.88666901
55.80340374, 38.00991865
55.5812708, 37.51777232
55.73872764, 37.95171512
56.01321532, 38.18039801
55.47794977, 37.50291357
55.92082827, 37.98936648
55.55507769, 37.17871203
55.64507158, 36.99577207
55.39927484, 37.91140853
55.92900142, 37.14415037
56.09755244, 37.87345819
56.16630837, 37.88569506
55.66322073, 37.98905919
55.45302793, 37.69420308
55.84634294, 37.17883366
55.99282316, 37.18378253
55.95762506, 37.80279836
55.88021815, 38.1478922
55.97977467, 37.1156388
55.61874827, 37.73168509
55.7461307, 37.67956156
56.16599268, 37.58370434
55.83006104, 37.22099938
55.34189952, 37.63744103
55.89745515, 38.19639015
55.59004317, 37.31549055
55.44233373, 37.78158478
55.75090438, 37.12102274
56.02010008, 37.32321793
56.02573814, 37.53920291
55.89583057, 37.13779916
55.43198029, 37.49788859
55.79172321, 37.97945855
55.98798255, 37.18668453
55.81461871, 36.84972451
55.84126905, 36.958107
55.7604979, 37.29028851
55.60099834, 37.71319528
55.9325469, 37.19124352
55.47386224, 37.78242951
55.73682978, 38.04524393
55.80948854, 37.46564494
55.91603243, 37.38721331
55.85648461, 36.95313703
55.98752831, 37.79081965
55.66045235, 37.28903513
55.8772002, 37.95565302
55.80686071, 37.34120032
55.48034926, 37.08486939
55.71942295, 37.09358243
55.89294734, 38.37310922
56.10220807, 37.18093989
55.81376623, 37.58550401
55.8078737, 36.85975049
55.93214923, 37.59683106
55.87480645, 37.62713136
55.74053951, 37.24906996
55.31859908, 37.75666797
55.97763154, 38.31345387
55.53628819, 37.74404684
55.85168565, 37.4044764
56.04938979, 37.96965439
55.75983994, 37.58433911
55.32373419, 37.74684304
55.32225289, 37.78690701
55.63369002, 37.5359223
55.81540833, 36.8643745
55.74238666, 36.97154854
55.86977486, 37.18729234
55.639684, 38.316595
55.68755481, 37.69282271
55.74409097, 37.58264932
56.08673606, 37.56517608
55.62481727, 37.45660366
55.97744996, 37.16981498
55.5260422, 38.16993595
55.8220137, 38.27659567
55.8107616, 38.19002685
55.31065767, 37.5135887
55.78192993, 38.19982626
56.00831267, 37.06285741
55.79838102, 38.00064063
55.65788598, 38.33199922
55.59631352, 37.10443124
55.8724328, 37.14354408
55.98562707, 37.69853469
55.36039171, 37.47096001
55.96257458, 37.8337324
55.75151408, 38.33175865
55.81114119, 37.04125447
56.04477784, 37.08817472
55.71100663, 37.11358773
55.54293215, 37.12402509
55.40066745, 37.93124307
55.38891898, 37.66558409
56.0539949, 37.43367186
56.03610124, 37.00447348
55.60609679, 38.32581827
55.68264936, 38.11856109
55.47710559, 37.5146327
55.98098198, 37.33803824
55.372817, 37.52980656
55.88915382, 37.96970578
55.92353895, 37.13616816
55.44694847, 37.11351079
55.38218488, 37.9849412
55.8434208, 38.24428786
55.54380634, 37.35511101
55.88234297, 37.31070821
56.15263144, 37.95949635
55.40469296, 37.5808822
55.37502391, 37.5928301
56.14733394, 37.85739623
55.51029264, 37.90431693
55.49075141, 37.58877251
55.82746216, 38.13810212
55.79225862, 36.99867491
55.9844533, 38.02394981
55.55787509, 37.84225347
55.66183986, 37.27945589
55.78052152, 37.17826795
55.73513055, 38.23968567
55.46871488, 37.1098344
55.5995413, 37.26989817
55.78628974, 36.91533704
56.04013841, 37.6479065
55.58919961, 37.60263764
55.75580318, 38.39338869
56.01897376, 37.8834755
56.15693633, 37.3851184
55.58144294, 37.61198056
55.92955492, 36.95828362
56.05629916, 37.84939375
55.64684552, 38.17303581
55.89039313, 37.39106287
55.85085003, 37.77490576
55.80534912, 37.36359898
55.86359961, 37.06045055
55.48216392, 37.6306201
55.49501747, 37.30019169
55.84949878, 37.58200684
56.06978761, 37.10374078
55.77261585, 36.94959844
55.45799031, 38.06819968
55.42964908, 37.89592497
55.81119124, 37.42732267
55.8964665, 37.20860055
55.4838483, 37.85528577
56.08786033, 37.08569137
55.90783812, 37.6807199
55.47053805, 38.11289411
56.06098633, 37.20664016
55.81090118, 37.26176702
55.71571033, 37.27474964
55.99824768, 37.8415311
55.99275874, 37.36202299
55.72693468, 38.11126546
55.59338294, 38.02710731
55.9253373, 37.21661351
55.56831766, 38.01622464
55.85328872, 37.67223151
55.56865824, 38.14923663
56.1652632, 37.65104868
55.48296707, 37.49893624
56.14334804, 37.45983846
56.0702577, 37.50243726
56.07119157, 37.46277387
55.5894868, 38.11322411
55.5797689, 37.07401729
55.66482656, 36.99030296
55.53808894, 37.33498588
56.13404365, 37.45656885
55.80841557, 38.23218293
55.64873601, 37.56973873
55.71726699, 38.32844956
55.64048405, 37.09820705
55.67518728, 37.90631013
55.96768762, 38.03445036
56.02252283, 37.59644075
55.65632676, 38.28598851
55.75971397, 38.37773256
55.61041784, 37.6524393
55.78835939, 37.42974872
56.11605277, 37.9317369
55.67141748, 37.07671457
55.78047701, 37.56195231
55.81130387, 38.39973427
55.68455174, 36.86081834
56.14709614, 37.39158266
55.46246908, 37.09717575
55.64243184, 37.08131305
55.98143389, 37.81600307
55.41382941, 37.17411302
56.20136161, 37.68430051
55.92101588, 38.18941379
55.49495726, 38.1890519
55.34848811, 37.78006027
55.66827436, 38.34344695
55.97184961, 38.15333848
56.09372693, 37.14323535
55.92591798, 37.63646806
55.98662712, 37.47917226
55.65550567, 37.5073354
55.53584675, 37.5153207
55.62851413, 37.60045507
55.50372232, 37.52403841
55.53625605, 37.03140836
55.89876633, 37.87107956
55.58596934, 37.29724405
55.68093686, 37.81754336
55.90693375, 37.52110019
56.03577145, 37.34168734
55.43590213, 37.17506228
55.88206814, 37.37539008
56.05561552, 37.07163093
55.46603246, 37.5078705
55.68400009, 37.82423332
56.08741509, 37.22802816
56.00030891, 37.20739603
55.61858683, 37.48372521
56.04500731, 38.11242632
56.16820605, 37.73498728
55.95959656, 37.1468389
55.48296066, 37.58376774
55.55241015, 37.87754965
55.5180065, 37.80608242
55.68235157, 37.17580294
55.86283009, 38.1518299
55.57201124, 37.38110127
56.0801905, 38.09747408
56.06264323, 37.42509547
55.72603768, 37.57305633
55.33431824, 37.78621522
55.63255402, 38.11473374
55.96700349, 37.84254115
56.0240088, 38.18748291
56.03764344, 37.87121349
55.78108328, 38.18727092
55.78618986, 37.69269512
56.02255811, 38.05615796
55.41393342, 37.72559755
55.99784768, 37.97426422
55.56689845, 37.95467218
55.8011467, 37.97883385
55.62784037, 37.68923611
55.81748476, 37.27278851
55.72647869, 37.17002584
55.55003761, 37.59480877
56.09139431, 37.212176
55.47448674, 37.52630443
56.00605448, 37.783988
55.84077256, 38.38658943
55.78158505, 37.57591417
55.94268541, 37.29716134
55.56647966, 37.32887212
55.91189214, 37.86495526
55.84208425, 37.68861161
56.01734429, 37.86911264
55.61614878, 38.30964305
55.66148803, 37.57390958
55.70749121, 37.51551315
55.91504578, 38.2200336
56.11506599, 37.63928226
55.50565327, 37.5046513
56.13702879, 37.69140208
55.42050345, 37.95839172
56.0303863, 37.68923186
55.51247065, 37.22392122
55.50608581, 37.83038263
56.04876266, 37.52849762
55.52886418, 37.129545
55.81468933, 37.3646251
55.53348833, 37.73333096
55.50075105, 37.50928959
55.94300597, 38.22909122
55.72912692, 37.41115874
55.8599252, 37.33443342
56.15596488, 37.57826237
55.53340336, 37.69988531
55.52253562, 37.70540306
55.87385681, 36.91475124
55.78616396, 36.82622944
55.38315286, 37.77961659
55.5717814, 37.64993218
55.76379631, 37.42962911
56.03121935, 37.92925755
55.56695558, 37.96052644
55.79777236, 37.12590164
55.91209057, 38.13938407
55.83928494, 37.57485815
55.87994515, 38.29526776
55.7149417, 38.1151946
56.14422484, 37.83120176
55.92047091, 37.77598693
55.86597185, 37.665828
56.10484129, 37.35018461
55.38581033, 38.0239928
55.83554802, 37.90584174
55.46154357, 37.94920642
55.40975941, 37.46383106
55.96554436, 38.14178465
55.71970409, 37.64018207
55.74667399, 37.6202375
55.86371028, 37.4084726
56.0382394, 37.94841746
55.6091211, 37.54562903
55.43785585, 37.170561
55.6236669, 37.02621909
55.63794364, 37.78584447
56.06907126, 37.25135897
55.71808889, 37.82639605
55.54682556, 37.87416857
55.97815954, 38.2785128
55.71278086, 36.97281874
55.92066145, 38.21451666
55.7480736, 37.98408962
55.73631892, 37.22218338
56.16224075, 37.92399838
55.79006375, 36.86795883
55.88966515, 38.21178578
55.63422503, 37.27340277
55.5962454, 37.68500575
55.49022574, 37.21527867
55.50098466, 38.02371637
56.08555568, 38.01960362
55.56060654, 36.99811358
55.83398616, 37.36859901
56.09323676, 37.67889778
55.43579964, 38.03154767
56.00010833, 38.26363209
55.69854723, 36.85446354
55.78314635, 37.58831962
56.0335561, 37.05970891
55.76962915, 38.40128425
55.88956345, 37.70885065
56.11608564, 37.71831552
56.06851264, 38.05105814
55.83927829, 37.43137931
55.37471226, 37.51461538
55.5061406, 36.98865801
56.01452603, 37.65648289
55.39325535, 37.21685726
55.83622889, 37.2170354
55.51210727, 37.02716964
55.64061917, 37.26611892
55.65516166, 37.48260841
55.78503001, 37.41210167
55.84914744, 37.56330216
55.57177465, 37.5332385
55.76709121, 37.55448212
55.90566891, 37.39156161
55.51658602, 37.81652966
55.60999539, 37.45305286
55.66784373, 37.75595467
55.66727357, 37.32833041
55.6836176, 37.66433484
55.47434157, 37.49333077
55.97839821, 37.94351605
55.89068185, 37.68404153
55.97278729, 38.10519444
55.37016898, 37.55556329
55.88486739, 36.93024939
55.60525003, 37.81127991
55.82328088, 36.86089498
55.64376252, 38.04615942
55.89260122, 38.33711395
55.82306838, 38.01395263
55.98335346, 37.30228961
55.81201964, 37.99827984
55.91436321, 36.87233994
56.11464583, 37.65050543
55.84768136, 37.05897364
55.61615392, 37.84834906
55.50884313, 38.17340443
55.65372797, 38.24222426
55.61175304, 37.56859677
55.91837954, 37.98361809
55.79271235, 37.71140939
55.60902185, 37.43262528
55.64619154, 37.78900847
56.05408223, 37.72543837
55.96101619, 37.78558955
55.65731254, 38.02072769
55.8460974, 37.14976177
55.45840644, 38.01656509
56.12401867, 37.66392434
56.11172739, 37.6416017
55.74663252, 37.22389492
56.12643709, 37.49927087
55.3411591, 37.67105716
55.82142027, 37.7090278
55.66478923, 37.76407926
55.96273574, 37.67734561
56.03174959, 37.12029524
55.8321616, 37.99808735
55.58230514, 37.64006686
55.37816515, 37.38483246
55.54665867, 37.38921119
56.05955607, 37.81145451
55.77543263, 37.5009619
55.39865941, 37.64570247
56.03290721, 37.748141
55.79208183, 38.22491706
55.72327615, 38.15569542
55.98861327, 38.25456766
55.5737322, 37.94690817
55.53989209, 37.16567368
55.53774502, 38.29858444
56.04836749, 37.16046917
55.45381266, 37.73356305
56.04228885, 37.20190983
55.57902305, 37.42697826
55.67538839, 38.13432631
55.55574518, 38.18875704
55.71458265, 37.01257204
55.71667228, 37.90212207
55.5665993, 37.5840219
55.64384825, 37.19491643
55.49607055, 37.98716244
55.54497687, 37.7850181
56.00592782, 37.1454395
55.67566196, 36.99800173
55.80207065, 37.67737662
55.69331004, 37.18374104
55.6550361, 37.74610316
55.38546503, 37.6498843
55.84543146, 38.0964377
56.09465998, 37.44750925
55.34596542, 37.41237207
56.09940437, 37.13321969
55.77232727, 37.59404148
55.36896301, 37.32152907
55.35458675, 37.85244299
55.69989786, 38.0690758
55.61844544, 37.75342622
55.71832548, 37.68138232
55.77244835, 36.94409104
55.56880907, 37.9355118
55.90589253, 37.05739236
55.7348839, 37.00852363
55.66968955, 38.02297432
56.17369569, 37.46267963
55.75747748, 36.84482595
55.4847447, 37.8625121
55.85376311, 37.80341311
56.00332562, 38.19796571
55.46558869, 37.94531176
55.61601639, 38.30372026
55.42744016, 37.51179637
55.59659204, 37.72496172
55.78723139, 37.1022475
55.81593391, 37.06577378
55.91074656, 38.07736279
56.00938954, 38.02291692
55.89310681, 37.50052711
55.96912234, 37.0723419
55.96781478, 38.05785329
56.01639977, 38.18373227
55.96359973, 37.13504845
55.91142278, 37.69893647
55.31964601, 37.58308251
56.13187542, 37.46210325
55.36607875, 37.98697297
55.61397168, 37.88243314
55.45962994, 37.62128418
56.04767425, 37.85632814
56.18925127, 37.46580491
55.79618768, 37.31893392
55.50069115, 37.19536831
55.66594769, 38.0658777
55.95637057, 38.03399695
55.87361823, 38.10988984
55.93524442, 37.86878486
55.98870619, 37.36457112
55.70933281, 37.46694276
55.76981056, 37.38508838
55.87401435, 38.15523441
55.41107044, 37.1725095
55.52272206, 37.12466447
55.45978169, 37.2810061
55.88471563, 37.41853802
55.85128451, 37.27247917
55.81443024, 37.68553608
55.92279445, 38.30335215
55.89448779, 38.14810698
55.69961095, 37.62199336
55.66421535, 37.8692738
56.00842892, 37.11709899
56.0547059, 37.31229381
55.34568697, 37.29704459
55.51436257, 37.19063626
55.36986697, 37.9134425
55.35126189, 37.74828667
55.95839329, 37.1302513
56.01301913, 37.46446918
56.13708511, 37.62646366
56.03049826, 37.86833402
55.82519456, 38.04157733
55.56888493, 37.26144918
55.33797272, 37.41648163
55.39960944, 37.90552279
55.45093615, 37.11954837
55.69228877, 37.37059177
55.42785611, 37.84452937
56.14729114, 37.75596582
55.75616653, 37.41125491
55.78163032, 37.42415443
56.01644245, 37.01094778
55.56451649, 37.79602028
56.16887855, 37.66881969
55.73177105, 37.02642675
55.59480632, 38.17695351
55.69013369, 37.8318724
55.58887883, 38.35061793
55.38553869, 37.76501997
56.00811818, 38.22648166
55.41678768, 37.56826829
55.73471964, 37.9811823
55.81087327, 36.99502242
56.02726159, 38.20886312
55.76810834, 37.45038952
55.48651172, 36.99426085
55.58759709, 37.8079227
55.79381377, 37.67693082
55.62019622, 37.79383669
55.89024256, 37.3310259
56.04756649, 38.09442796
55.43265985, 37.6361213
56.11526697, 37.70386977
55.75062108, 37.59488399
55.66056471, 37.428229
55.75340711, 37.5618175
56.12451599, 37.52870475
55.74083975, 36.93271102
55.64317659, 38.28865147
55.83964431, 38.3623389
55.7553435, 38.09788802
56.07256298, 37.96178652
55.77916385, 36.82084599
55.79567517, 38.38667627
55.64549221, 37.11183574
56.07404393, 37.68147041
55.62776192, 38.25264434
56.18818664, 37.49943761
55.57863041, 37.3364997
56.11880043, 37.22275027
55.73933268, 37.54574451
55.63777415, 37.89613759
55.86333858, 38.29249225
55.6096022, 37.09900014
55.83475702, 37.86510304
55.71294095, 38.12004165
55.37030895, 37.5656124
55.51153031, 36.95145141
55.40594516, 37.46900352
55.9287277, 37.68900004
55.58111831, 38.16811372
55.53012104, 38.19401265
55.7331561, 37.87801291
55.63422104, 38.17083971
55.60662137, 37.5369233
55.74952158, 36.87552608
55.58312566, 37.09141649
55.90688099, 37.56341956
55.95812662, 37.06348232
55.41350209, 37.2513925
55.86662698, 37.49176354
55.76174038, 38.18996086
55.80378153, 37.42025419
55.87574722, 37.26869098
55.94794233, 37.09127402
55.84740288, 37.40477932
56.0106825, 37.93876512
56.03024807, 37.80749461
55.99189301, 37.53437244
56.04183377, 37.90862903
56.06593849, 37.67356971
55.75192033, 37.54458377
55.59879377, 37.60944376
55.55577589, 37.07326694
55.45288719, 37.06350926
55.70870518, 36.87507913
56.08594358, 37.76858319
55.59298642, 38.16991104
55.51473673, 37.7803921
55.59831167, 37.00585215
56.14234293, 37.82208826
55.79238311, 37.51949929
55.94001864, 37.22285364
55.81182397, 38.00810352
55.73769421, 38.27882579
55.68272354, 37.27736295
55.58445135, 37.86005014
55.57166339, 37.27900245
55.46360953, 37.39459485
56.01776795, 37.03975421
55.99322596, 37.7498405
55.6912637, 37.12208435
55.95143095, 38.03932255
56.05438623, 37.06011674
55.68120382, 38.12682608
55.56165212, 37.24078375
56.07886476, 37.66982837
55.32000693, 37.68349146
55.40140804, 38.02842566
55.50780781, 37.85958442
55.5572383, 37.4187427
55.50817692, 37.86911492
55.45388235, 38.15644214
55.55189662, 38.11768657
56.14934674, 37.44488848
55.4917219, 38.06157037
55.35130884, 37.89932946
55.46065115, 37.13142778
55.42507467, 37.99548926
55.61104515, 36.94098263
55.96340992, 37.61662014
55.68904187, 37.64243325
55.57158908, 37.09014565
55.92690559, 38.18391862
56.18929513, 37.7820441
56.18637653, 37.49201748
55.51076178, 37.76489413
55.58809855, 37.84210834
56.08486322, 37.83962065
55.49256368, 37.97953285
55.83207526, 37.03964301
55.78996245, 38.24600277
55.60769526, 37.12215633
55.35050665, 37.4676809
55.46598929, 37.2546181
55.67036152, 37.65786246
55.97272191, 37.33572967
55.89736463, 37.80532859
56.17778081, 37.86606129
55.73855715, 37.66271168
56.1580872, 37.88320338
55.47934779, 37.30550276
55.42711794, 37.57094734
55.70453183, 37.18677707
55.49255117, 38.16066717
55.80318311, 37.46842713
55.9899615, 37.79328116
55.87193501, 36.97384227
55.36580675, 37.88783838
55.507219, 37.72685741
55.83379914, 38.36400067
55.64723585, 38.09823384
56.16649743, 37.70260003
55.65493617, 36.85496803
55.83101191, 36.84372728
55.76931137, 37.98299965
55.97027723, 37.22919999
55.54977537, 37.22816189
55.87693365, 38.0984395
55.56490571, 38.31638348
55.63698985, 36.96314406
55.62808093, 37.20990365
55.44204151, 37.32714508
55.83043086, 37.82347809
55.93152772, 38.00832807
56.07377001, 37.9315496
56.08558354, 37.93577771
55.8554065, 37.95335386
55.4672092, 37.4695689
55.73851673, 37.30305639
55.88052994, 37.2074603
55.80955646, 38.04749805
55.86431804, 37.02999017
55.88689952, 37.93042462
55.48016444, 37.31439541
55.63139097, 37.66085221
55.9230081, 37.80080382
55.61848734, 37.11839104
56.01915848, 37.983214
55.37921437, 38.04209251
55.42248615, 37.49863245
56.05419731, 37.58808517
55.57625394, 37.33526293
55.61607561, 38.10564587
55.93614883, 36.98159252
55.43723472, 37.5627174
56.07693856, 37.25424412
55.42941595, 37.76276711
55.45578669, 37.37279041
55.82668219, 38.03013222
55.69393916, 38.15930752
55.78843777, 37.91749799
55.89267778, 38.074464
55.81083675, 36.93299624
55.6545246, 37.27605106
55.71462545, 37.03122091
56.02146185, 37.12637025
56.19019832, 37.58460294
55.54539341, 37.07897434
55.71961917, 36.87841549
55.70166734, 38.13601073
55.66733079, 36.87296257
55.43360539, 38.02572418
55.36705371, 37.96424388
55.38160634, 37.26247263
55.38529417, 37.97910483
55.50760855, 37.73112683
55.67876712, 38.34484625
55.45732201, 37.44372873
55.91632404, 37.63234762
55.59878445, 38.11720791
56.01079231, 38.00878355
55.61129767, 38.0072602
56.051887, 38.14634867
55.92764657, 36.94395745
55.96771531, 37.99971425
55.82681114, 38.17038893
55.7197001, 38.12748982
56.00050807, 37.20069439
55.92805312, 37.79636186
55.85256042, 37.74163981
55.94970217, 38.01217586
56.00701135, 37.66218813
55.60230812, 38.01024539
55.39639774, 37.3589226
55.5142319, 38.17498308
55.85000516, 38.07337151
55.31699718, 37.47966763
55.44946817, 37.74858631
55.61804138, 37.13883175
55.72804333, 37.73260067
55.81842201, 37.08933961
55.74536365, 38.22738308
56.10010223, 37.74396184
55.8100578, 37.54606928
55.76737642, 38.33915487
55.87769464, 36.86363636
55.92677759, 37.38549129
55.6603887, 38.03326588
56.02291081, 38.16504711
55.48021854, 37.75958741
55.91262511, 37.51574209
55.78293872, 38.30630176
55.95940138, 38.26034671
55.51619527, 37.87168899
55.78894167, 36.82648405
55.84948691, 37.63760354
55.93714502, 37.04458696
55.8802519, 38.08883522
55.96673014, 37.0571879
56.12742944, 37.71683523
55.96206998, 38.23666828
55.36900132, 37.93018076
55.52789025, 37.06430343
55.68234922, 37.57056701
56.03306194, 37.34245089
55.4560541, 37.02443743
55.70070905, 36.92608021
55.79705506, 37.78821218
55.73747496, 37.27835908
55.72084174, 36.8976863
55.56611308, 37.57016478
55.44882352, 37.83884548
55.69879911, 37.74327225
55.91228366, 37.95029078
56.17453278, 37.86631291
55.50548907, 37.80931709
55.81619015, 38.3925354
55.33225574, 37.86385964
56.10696149, 37.54456616
55.64981537, 38.09804409
56.02857688, 38.10304729
55.53645225, 37.78925459
56.01667407, 37.21543002
55.45558807, 37.86901689
55.86943394, 37.0100253
55.99621507, 37.79107766
56.13475594, 37.44163199
55.92113381, 38.25322202
55.54684707, 36.93768523
55.76873601, 37.29835913
55.78031827, 37.24274771
55.5148621, 38.22285474
55.55766871, 37.38761946
55.82538584, 37.03910364
55.89408167, 38.11252264
55.72939737, 37.49874616
55.52673159, 37.97639902
55.64424135, 38.33729914
55.71626468, 38.31420488
56.00877345, 38.20262885
55.44864829, 37.71924402
55.4833597, 38.20250662
55.79140508, 37.63648445
56.09002753, 37.78883423
56.11175781, 38.08430375
55.91368212, 37.99448201
55.55117061, 37.03843477
55.74040282, 37.47988711
55.72188767, 38.30419964
56.09742741, 37.18536917
56.04224063, 37.02228805
55.90143792, 38.03848436
55.44513631, 37.70795794
55.585303, 37.73619266
55.43704043, 37.12316807
55.43315178, 38.05453359
55.51440379, 37.75638437
55.5162706, 37.68790119
55.48678998, 37.65248641
56.13988516, 37.22875638
55.7064729, 36.93687053
55.33626183, 37.76505644
55.7697008, 36.97659543
55.89027987, 38.08287529
56.16233141, 37.6638877
55.40518787, 37.60119899
55.42302723, 37.95083873
55.93480849, 37.39659436
55.47791501, 37.90175836
55.79900433, 37.90651866
55.77111687, 37.46734052
55.92328366, 37.22085843
55.48300881, 37.58093176
55.88291317, 37.90076814
56.12534988, 37.25800535
55.902649, 37.27794375
56.02541262, 37.07653798
56.08422675, 37.99557748
55.86629548, 37.48255976
55.87935208, 36.9169558
55.41058966, 38.05230952
55.4174792, 37.62971097
55.84977743, 38.09832462
55.58542169, 37.79171157
56.16020571, 37.76140383
55.57630285, 37.77642089
55.58550199, 37.55976284
55.92412376, 37.81827585
55.84627849, 37.05932687
55.65879844, 37.32603675
55.79643693, 37.28288381
55.51625334, 37.83441742
55.39727215, 37.21142781
55.44328465, 37.86115201
55.83027887, 36.96892663
56.03682804, 37.11883001
55.7998383, 37.7222556
55.80613902, 37.94043759
55.9648956, 37.07972487
56.00631298, 37.38981226
55.65838626, 38.30801778
55.45051235, 37.8416517
55.51313117, 37.35422729
56.03769103, 37.1253588
56.00274216, 38.03535767
55.39188357, 37.86942908
55.9892844, 37.43163341
56.0407478, 37.7037864
55.77186066, 36.85749336
55.82263164, 37.65199768
55.63336194, 36.96931506
55.52374804, 37.6312733
55.47532747, 37.07171833
55.67592757, 37.97091107
56.05351916, 37.41069638
55.85041697, 37.19008133
55.60584244, 37.63430877
56.07046492, 37.51738838
55.72014253, 37.09714764
55.59807458, 37.49176621
56.03520814, 37.25289067
55.81325454, 37.72896215
55.85888157, 37.89038107
55.97793672, 37.76997981
55.62623627, 37.56710639
55.42497312, 37.4078824
55.60881366, 37.92259051
55.73305928, 37.32454348
55.85656112, 38.04281982
55.56683109, 37.59623331
55.93919005, 37.46635281
56.07533932, 37.24778638
55.81369375, 37.98875954
55.59211376, 37.66099964
56.13552591, 37.54934148
55.50801898, 37.12173757
55.55260772, 37.03465118
55.6099042, 37.88165045
55.97493201, 37.65767269
55.40385563, 37.99791103
55.78377567, 37.0393323
55.50151052, 37.05009244
55.54403391, 38.25558472
55.52479424, 37.50888329
55.66097021, 37.78734339
55.57157736, 37.65304468
55.83758179, 36.91775496
55.74539313, 37.52474334
55.81831682, 36.88159275
55.80544355, 37.56166196
55.51300097, 37.10466758
55.76691395, 37.83394953
56.13854811, 37.92339806
55.4040996, 38.10192181
55.82539855, 38.06254961
55.66592995, 38.19508773
55.99298877, 37.31624127
55.37751545, 37.84397442
55.33715206, 37.83494744
55.55957333, 37.79163061
56.03453803, 37.73186017
55.89282463, 37.34612612
56.03576568, 37.86329842
55.49356771, 37.80625234
55.75287862, 37.97520853
55.52907786, 37.82092994
55.58508323, 37.03872986
55.7405171, 37.60706472
55.54611128, 37.80452325
55.72594803, 37.78733508
55.48408208, 37.72049692
56.03598825, 38.10419146
55.78830387, 37.23840125
55.67022405, 38.38327674
55.55549558, 37.38621478
55.98950444, 37.29973069
55.99855309, 37.03847147
55.44371665, 37.86132777
55.6422519, 37.14800503
56.11511968, 37.60897585
55.54277697, 37.13816548
55.73089101, 37.20120878
55.81056796, 37.48671848
55.32953584, 37.64448044
55.83067025, 38.08830011
55.64889394, 37.45941255
55.77476299, 37.71378624
55.33234243, 37.56038167
55.59757954, 37.68282048
55.62748423, 37.32000175
56.00137434, 38.1986096
56.00565904, 37.99125684
55.65691347, 37.95570413
55.38238174, 37.46253352
55.7116132, 38.36971742
55.85930159, 38.33943852
55.84463081, 37.76546863
55.34677958, 37.29992214
56.03941184, 37.71054694
55.40525308, 37.50946959
55.66850873, 38.38011031
55.5524659, 37.91831505
56.04055427, 38.20232723
56.15690918, 37.68562631
55.94437031, 37.85583571
55.57903782, 37.0969859
55.79114523, 37.69072128
56.07586498, 37.63581022
55.59832175, 37.95150149
55.40427899, 38.00177161
55.94682975, 37.0193436
55.44776244, 37.63791772
56.18861851, 37.82064745
55.92258658, 37.36376917
55.60409371, 36.98205402
55.32940923, 37.38409999
56.05242752, 37.22206959
55.6094572, 38.00409227
55.76333319, 37.01197821
55.50941962, 37.01763589
55.72350983, 37.39980265
55.68518211, 36.95107952
55.95136775, 37.98757977
55.45194926, 38.16064464
56.03610512, 37.27488096
55.36203458, 37.50635908
55.80836052, 37.62476181
55.86751149, 38.37798876
55.89260117, 36.87283774
55.74813086, 36.96493885
55.84210497, 36.88721308
56.14495577, 37.50784632
55.77615905, 38.18598124
55.6246094, 37.65754597
56.16564926, 37.62545465
55.44454565, 37.63229016
55.84569274, 37.88238752
55.49965747, 37.37048014
55.3730772, 37.79812343
55.58220434, 38.06904374
55.78757399, 38.28155413
56.0659876, 38.02084698
55.91487063, 37.34274415
56.09502066, 37.24976804
56.01814879, 36.99557595
55.71315778, 37.40311424
56.05832, 37.98649665
55.58567763, 37.84062067
56.03467242, 37.85918288
55.58160994, 38.27558115
55.7373454, 38.18812343
55.79680227, 38.20944017
55.54140061, 37.60698323
56.20366707, 37.59341972
55.87827885, 36.92574595
55.70003027, 37.48182594
55.50960436, 38.26867076
56.10531024, 37.46748936
56.16605707, 37.50485666
55.92735013, 37.55706918
55.71579275, 38.17655817
55.96580013, 37.91399977
55.70957426, 37.25902682
56.04116003, 37.46558507
55.87399156, 36.96983215
56.13046024, 37.42900441
55.66658183, 37.10635223
55.70904555, 38.14541442
55.88857546, 37.24032556
55.72901155, 37.22038701
55.73318431, 37.33613937
55.95973728, 37.10656627
56.09264175, 37.52778508
55.37080718, 37.53572335
55.44607935, 37.39668639
56.07602663, 38.02650786
55.97479085, 37.49365654
55.93624312, 38.30380295
55.91016975, 37.16714675
55.4023821, 38.01159869
55.42046605, 37.73293944
55.70520799, 37.13185065
55.94132754, 37.10352081
55.34920382, 37.3881188
55.84770826, 37.31254041
56.115113, 37.19015481
55.60751984, 37.3590306
55.88291652, 38.34775176
56.16598397, 37.6173307
55.64444606, 37.19973854
55.58683925, 37.56319653
55.94988029, 37.78872695
55.59085527, 37.94039134
56.05638954, 37.61710757
55.95056886, 37.14196842
55.48260123, 38.08778836
55.63355362, 37.53908711
55.74021241, 36.96628536
55.60940569, 37.71000771
55.92457358, 37.35217162
55.34571523, 37.40593619
55.94424578, 37.03315556
55.74951048, 37.43658454
55.87929484, 37.06156808
55.46232007, 37.2116427
55.44772892, 37.32909848
55.63129438, 37.38068506
55.90400662, 36.90478841
55.53795063, 36.95267174
55.97348583, 37.70038554
56.14407131, 37.97978995
55.61176143, 38.35880048
56.14023039, 37.6082568
55.67331003, 37.68486118
55.57354848, 36.96056773
55.70641983, 37.78646999
56.17521174, 37.80419259
55.93789626, 37.74181961
55.82094378, 36.88219308
55.66609079, 37.50018269
55.70323358, 37.34531312
55.60314686, 37.83104335
55.99798276, 38.11446004
55.7691551, 38.11272726
55.75119994, 38.02385831
55.63233907, 37.76967666
55.73341051, 37.67253709
55.99060363, 37.33269184
55.64161393, 37.92145321
55.90019051, 37.9802633
55.87243642, 37.01239279
55.43282704, 37.80292529
56.06103386, 37.55798412
55.72713017, 37.63640324
55.6158022, 38.05772453
55.45365593, 37.70356361
55.96988237, 38.14871352
55.48004079, 38.06837627
55.80029335, 37.54735186
55.45194642, 37.98413497
56.05100385, 37.64930257
55.89709292, 37.1182007
55.73597337, 37.5270486
55.86407448, 37.38292553
55.83573109, 37.40546678
55.95361719, 37.47748787
55.55617371, 37.03249501
56.039172, 37.59541214
55.50932495, 37.05269922
55.55124445, 38.28701209
56.02934579, 37.76531271
55.91442444, 37.77944217
55.44525823, 37.8312186
55.69868011, 38.26994684
55.41767597, 37.32746159
55.9047293, 37.35859042
55.82564214, 37.15701674
55.49548693, 37.32530534
55.82857513, 37.69664151
56.04450959, 37.03347259
55.48341961, 37.09408776
55.62814182, 38.21348344
56.04772953, 38.20830422
55.52620447, 37.75375401
55.72848653, 37.64211719
55.60973221, 38.16214415
55.46682097, 37.03217411
55.73136111, 37.16022724
55.76720752, 37.01776211
55.53243064, 37.47430771
55.92884181, 38.00056804
55.52562305, 37.29234834
55.64713953, 37.59210069
55.72024943, 37.61119655
56.0492041, 37.15487038
55.90687333, 36.8885935
55.50303452, 38.07711216
55.81418025, 36.96787418
55.43710529, 37.65494668
56.15148323, 37.61003886
55.83224378, 37.59172607
55.4721729, 37.05857529
56.16324271, 37.66565773
55.49812359, 37.80435749
55.49246364, 38.19404365
55.86220932, 38.1529439
56.1480102, 37.70515183
55.98622829, 37.17973868
55.67575051, 37.46460076
55.63686245, 36.89832032
56.15687045, 37.54868293
55.40928283, 38.09930892
56.02991043, 37.10067954
55.8760244, 37.46071982
55.69168966, 38.17582485
56.19683809, 37.74812914
55.43853944, 37.17752968
55.47294156, 37.72085525
56.05146892, 37.30853175
56.03363667, 37.51143794
56.0719808, 37.96744999
55.75298315, 37.32457856
55.68940109, 38.23605714
55.72570054, 37.19393054
56.18779352, 37.80353714
55.64272387, 38.08832234
55.90958287, 37.85191241
55.93873695, 37.36536281
55.61927027, 37.99750168
55.79404157, 37.3843201
55.74816663, 37.94131109
56.14365649, 37.39551555
55.98628206, 37.12516214
55.98072213, 38.15608477
55.69706514, 37.25884929
55.85295891, 37.82520254
55.59126486, 38.18890043
56.01465442, 38.0281407
55.95948411, 37.60181759
55.61962126, 38.32593676
55.5563478, 37.23743926
55.91460719, 38.28329464
55.69067665, 37.59278323
55.64204305, 37.59994359
55.38866879, 37.22690313
55.56661726, 37.92515514
55.96055596, 37.66034506
55.70954301, 38.22447217
55.99916256, 37.85106422
55.9397086, 38.14845654
55.73383487, 38.05035999
56.0503562, 37.72486848
56.17557247, 37.74818714
55.71977871, 38.08413827
55.84463768, 37.63920755
55.89714832, 37.91531833
55.63245074, 37.67536032
55.57136283, 37.77757679
55.94772286, 38.15983041
55.50324985, 38.03004848
56.17773824, 37.34525966
55.4033449, 37.12750059
55.9248593, 37.39446499
55.57572623, 36.96211347
55.59143738, 37.0805433
55.79087045, 37.15697658
55.57342354, 37.31151156
56.06240002, 37.46874155
56.0458836, 37.76423228
56.12446366, 37.51031657
55.69023094, 37.86272745
55.3989944, 37.30598702
55.51863911, 38.01748108
55.64203744, 37.15239911
55.89966072, 36.9389329
55.7059769, 37.53564655
55.96822137, 36.93842413
55.85957918, 37.58572459
55.57640578, 37.66394074
56.08803356, 37.43145972
55.71981721, 37.32907565
56.02880773, 38.1321794
55.93022692, 37.91697353
56.04457389, 37.10180027
55.51529467, 38.05736441
55.67683727, 37.43705652
55.5361143, 38.13695922
56.10895066, 37.95715066
55.5542143, 37.92656472
56.00023729, 37.24705692
56.0758612, 37.5354224
55.59278831, 37.71872187
56.03211854, 37.84984879
55.59246332, 37.07573564
55.4630012, 37.75356872
55.52577625, 37.89789523
55.93915359, 38.1748958
55.94285557, 38.03370014
55.83347091, 38.13040639
55.76825154, 36.96059237
55.7247617, 37.34024963
55.76560067, 38.02752455
56.042798, 37.63444399
55.65532924, 38.01288271
55.90282669, 36.99933996
55.67307529, 38.3667252
55.65752699, 37.68251072
55.8173153, 37.61042379
55.43008625, 37.29720091
55.68359091, 37.13587583
55.5246748, 38.0293963
55.72274223, 38.2368405
55.56330875, 37.11833074
55.96708681, 37.14561302
55.79001404, 37.76226989
55.86639976, 38.09155566
55.61580345, 36.92184351
56.09018967, 37.13195576
55.62907916, 37.36415883
55.74133751, 37.39094092
55.85128334, 37.13990937
55.49219346, 37.72835075
55.95769994, 37.96973282
55.44505446, 37.76887086
55.39070237, 37.26595082
55.61435782, 37.1175367
55.9718914, 37.01535132
55.33236729, 37.7794145
55.89024391, 37.20310181
55.78593598, 37.46826239
55.65451902, 38.01113124
55.91290198, 36.90888979
55.76378415, 37.47705242
55.6348994, 37.53644729
55.53677919, 38.13290617
55.83907464, 38.22652071
55.53356355, 38.20167758
56.09240242, 38.08860245
55.77114978, 36.91485528
55.86852303, 37.89801695
55.56035039, 37.65350955
55.86263919, 37.50086801
55.81430684, 37.66709764
55.83269272, 38.03632497
55.96564703, 36.94727531
55.50506053, 37.19442079
55.94275135, 38.32675826
55.7065516, 37.15972099
55.76167783, 37.55904063
55.74626227, 37.85149338
55.95192044, 37.90987855
55.74388548, 38.11130684
55.91519706, 37.84792491
55.93243119, 37.95652149
55.75916163, 37.65503891
55.640875, 36.9116636
55.86561651, 37.05466156
55.54826195, 36.9323505
55.95098445, 37.55036774
55.87990647, 36.9453326
55.35474941, 37.94496207
55.77487209, 37.73518788
55.91271117, 38.04675208
55.60757322, 37.09010006
55.87256834, 37.79879568
55.75119878, 38.03004979
55.52450871, 37.2795036
55.75370046, 37.76695177
55.60983805, 37.08557789
55.55049116, 38.25642719
56.05178577, 37.99659723
55.6015405, 37.27270599
55.51151188, 37.46944188
55.85254637, 37.41666068
